



14506  ->  /m/01x4x4
['skyteam', ',', 'that', 'is', 'global', 'airline', 'alliance', '.', 'it', 'has', 'not', 'neighbours', '.']
['skyteam', ',', 'that', 'is', 'global', 'airline', 'alliance', '.']


13453  ->  /m/03wv2g
['mercer', 'university', ',', 'that', 'is', 'mercer', 'university', '.', 'mercer', 'university', 'has', 'a', 'relationship', 'of', 'organization', 'endowed', 'organization', 'endowment', 'measurement', 'unit', 'dated', 'money', 'value', 'currency', 'with', 'united', 'states', 'dollar', '.', 'mercer', 'university', 'has', 'a', 'relationship', 'of', 'education', 'educational', 'institution', 'campuses', 'with', 'mercer', 'university', '.', 'mercer', 'university', 'has', 'a', 'relationship', 'of', 'education', 'university', 'domestic', 'tuition', 'measurement', 'unit', 'dated', 'money', 'value', 'currency', 'with', 'united', 'states', 'dollar', '.', 'mercer', 'university', 'has', 'a', 'relationship', 'of', 'education', 'university', 'fraternities', 'and', 'sororities', 'with', 'alpha', 'delta', 'pi', '.', 'mercer', 'university', 'has', 'a', 'relationship', 'of', 'organization', 'organization', 'headquarters', 'location', 'mailing', 'address', 'state', 'province', 'region', 'with', 'georgia', '.', 'mercer', 'university', 'has', 'a', 'relationship', 'of', 'common', 'topic', 'webpage', 'common', 'webpage', 'category', 'with', 'official', 'website', '.', 'mercer', 'university', 'has', 'a', 'relationship', 'of', 'education', 'educational', 'institution', 'campus', 'educational', 'institution', 'with', 'mercer', 'university', '.', 'mercer', 'university', 'has', 'a', 'relationship', 'of', 'education', 'educational', 'institution', 'colors', 'with', 'black', '.', 'mercer', 'university', 'has', 'a', 'relationship', 'of', 'education', 'educational', 'institution', 'school', 'type', 'with', 'private', 'school', '.']
 ['mercer', 'university', ',', 'that', 'is', 'mercer', 'university', '.']


-0.09915,0.45650,0.09885,-0.17410,0.06608,0.07528,-0.25670,0.18348,0.01999,-1.13909,0.19161,0.11501,-0.01888,-0.06815,-0.08408,0.18282,-0.06743,0.02058,-0.10719,-0.31772,0.03608,0.07876,0.03553,0.16991,-0.10724,-0.06161,-0.17758,0.15757,-0.23049,0.00032,0.09542,-0.00004,-0.07453,0.23947,-1.06480,0.18814,0.30311,0.09887,-0.08053,-0.00622,0.04295,-0.13701,-0.03731,0.10061,0.12179,-0.02223,0.02627,0.17069,-0.06316,0.09188,-0.08354,-0.05968,-0.18963,0.09670,-0.06483,0.37544,-0.01699,0.19697,0.17287,-0.14507,-0.09517,0.14180,-0.04733,-0.23378,-0.08499,-0.24236,-0.02051,0.07676,-0.03663,-0.23504,-0.01127,0.21195,-0.10061,-0.02924,-0.41333,0.03809,0.22985,-0.09825,-0.13083,0.18114,0.00014,0.07682,-0.08177,-0.12657,0.00495,-0.00322,-0.06640,-0.10030,0.11183,0.04011,-0.00153,0.19819,0.10599,-0.25242,0.12117,0.08904,0.03237,-0.04643,0.02626,-0.39405,-0.03754,0.03167,0.03118,-0.06102,0.03987,0.09236,0.31371,0.00161,-0.12744,0.32089,0.09914,-0.21587,-0.10111,-0.23719,0.17178,0.00349,-0.15600,0.01966,0.00430,-0.23875,0.02150,0.05573,0.21555,0.09916,-0.02240,0.15323,-0.16150,0.03347,0.05008,0.11254,-0.01794,0.08935,-0.05723,-0.11871,0.17601,0.07106,0.18599,0.05674,-0.23254,-0.01958,-0.12655,0.08943,0.03922,0.05188,-0.11152,-0.03485,0.06144,-0.14537,-0.14646,0.05365,0.48519,-0.18356,-0.00593,-0.03046,0.36382,-0.21999,-0.27121,0.01863,-0.13264,0.06963,0.12817,-0.03202,-0.05371,0.00906,0.07799,-0.16311,-0.11354,0.18127,0.02803,-0.04720,0.17827,0.18860,-0.71428,0.01679,-0.00374,0.16613,0.03678,-0.05916,-0.01667,0.52607,0.09224,0.09548,0.20060,-0.01890,0.09645,-0.22200,-0.37010,0.06020,-0.11759,-0.05355,0.04606,0.24112,0.07590,-0.07625,-0.13784,-0.05718,0.30745,0.01256,0.10785,0.15636,1.22414,0.00590,-0.07452,-0.18406,0.06211,-0.10967,0.13140,0.01986,0.00135,-0.06427,0.10238,0.02228,-0.10945,0.18853,0.05133,0.03403,-0.09582,-0.10166,-0.06918,-0.14539,0.19000,-0.23191,-0.11226,-0.16135,0.05922,0.01912,-0.00583,0.11495,-0.17513,-0.01137,0.06089,0.04439,0.21734,-0.17944,0.10056,0.04085,0.00029,0.13746,0.03291,0.28356,0.12888,0.07564,0.29722,0.00286,-0.27556,0.05143,0.04076,-0.03598,0.00034,-0.06440,0.16363,-0.07261,0.02370,-0.02672,0.12587,-0.18849,0.02919,-0.22805,0.04490,0.10913,-0.15353,-0.07026,0.16025,0.11158,0.00006,0.05754,-0.29105,-0.00663,-0.06213,-0.03051,-0.07352,-0.04199,0.10210,0.02200,0.30522,0.03498,-1.41366,0.02933,0.54098,0.19578,-0.16834,-0.10641,-0.04170,0.17999,0.21958,0.01959,-0.20166,0.01843,-0.03454,-0.13105,-0.09579,-0.01581,-0.28214,-0.00533,0.22182,0.20956,0.08632,-0.21830,-0.07224,-0.13704

-0.10249,-0.07644,-0.14053,0.01779,0.01304,-0.26424,0.10675,0.00712,-0.04337,-1.96741,-0.32389,0.19428,-0.03189,0.20984,-0.01952,0.41882,-0.06844,-0.16017,0.09743,-0.22703,0.17770,0.07137,0.55570,-0.15322,-0.08402,-0.05320,-0.03947,-0.08043,-0.20984,0.23543,-0.15151,-0.13017,0.11652,0.18818,-0.48554,-0.06188,0.26559,0.18497,-0.30074,-0.10690,0.12303,0.11383,-0.19611,0.21169,-0.02322,-0.07585,-0.16978,0.11580,-0.14356,0.33776,0.01197,-0.23608,0.20491,0.21192,0.07153,0.08976,0.07658,0.15836,0.17416,0.13312,0.00773,0.20525,-0.25198,0.26561,0.08156,-0.65253,0.01176,-0.02918,-0.25805,0.10176,0.05892,0.16638,0.06260,-0.13079,-0.12897,-0.03623,-0.02775,0.23263,-0.06728,-0.00634,0.04904,-0.22296,0.06027,0.33106,0.16009,0.04705,-0.05821,0.05822,0.01110,0.14088,-0.20034,-0.08792,-0.15245,0.07534,0.09060,0.04329,-0.27537,0.28856,-0.12941,0.03358,0.11103,-0.18584,-0.12662,-0.11654,-0.06013,-0.05461,-0.26532,-0.00894,-0.05146,0.07631,-0.00592,-0.29244,-0.17719,-0.16639,0.17547,0.10857,0.01697,-0.03818,0.19359,-0.40392,0.16481,0.07360,-0.04829,-0.05751,-0.05895,-0.19151,0.05945,0.14567,0.10157,0.22800,-0.21144,-0.04104,0.07912,-0.12343,0.16535,0.14827,0.12524,-0.01331,0.14498,-0.05578,-0.20356,0.18608,-0.14482,0.18698,-0.24623,-0.05889,0.21692,0.11985,-0.18019,-0.04743,0.89446,0.05497,0.22454,0.11693,0.12367,0.26872,-0.11782,-0.02337,0.27192,0.00084,0.00159,0.13253,0.08357,-0.00822,-0.31933,-0.09114,0.00159,-0.10543,0.00327,0.20472,-0.12964,-0.13590,-0.68029,0.02314,0.06349,0.20498,-0.12489,0.03591,-0.20654,0.43897,0.14168,0.14489,0.22875,0.14175,0.25579,0.17306,-0.10169,0.09436,0.11201,0.11608,0.29374,-0.19118,0.10772,-0.03342,0.15088,0.06995,0.04114,0.08473,-0.00179,0.07198,0.61319,-0.05916,-0.22734,-0.11387,0.02954,-0.08153,-0.03082,-0.01431,0.33906,0.14389,0.13579,0.24307,-0.00129,-0.07644,0.02179,0.15172,-0.17938,0.17420,0.08044,0.22290,0.15260,-0.11810,-0.13881,0.22864,-0.02164,-0.01465,0.17173,-0.06353,0.08602,-0.21665,0.22492,0.04840,0.24393,0.17585,0.14454,0.06582,-0.06888,-0.09735,0.09449,0.20755,-0.00478,-0.01400,0.51386,-0.09218,-0.42730,0.47795,0.27170,-0.15289,0.14701,-0.07017,0.01085,-0.16388,0.07360,-0.11882,0.41002,0.03201,-0.28182,0.07990,-0.26816,-0.03718,-0.15786,-0.05914,0.07287,0.12050,-0.02852,-0.31623,0.08606,0.14910,-0.01580,-0.02554,-0.11052,0.05497,0.05557,0.15638,0.06872,0.01517,-1.86547,0.04070,0.80833,0.03215,0.24782,-0.34552,0.06409,-0.02443,0.12267,0.02563,0.01391,0.38602,-0.02528,-0.02874,0.06988,-0.09045,0.06391,-0.23132,0.21305,0.79481,-0.04334,-0.39025,-0.22961,0.02760



